10 5 101 
10 9 19 
10 14 22 
10 7 19 
10 9 19 
10 11 21 
10 4 25 
10 18 36 
10 17 35 
10 14 22 
10 10 23 
10 12 21 
20 51 88 
20 46 82 
20 39 79 
20 42 80 
20 41 81 
20 57 102 
20 39 95 
20 54 86 
20 31 73 
20 39 77 
20 40 121 
20 34 75 
50 177 417 
50 338 534 
50 306 506 
50 414 596 
50 305 498 
50 313 750 
50 284 737 
50 246 774 
50 353 722 
50 345 1218 
50 251 662 
50 291 821 
100 1245 2038 
100 1292 2094 
100 1275 2458 
100 1165 2932 
100 1027 2023 
100 1314 2687 
100 1130 2033 
100 1145 2111 
100 1321 2442 
100 1067 2067 
100 1148 2182 
100 1268 2182 
200 4185 8405 
200 5235 9577 
200 4737 10851 
200 4485 8994 
200 5047 9477 
200 4142 10526 
200 3902 8719 
200 4388 10004 
200 5020 11475 
200 4401 9999 
200 4321 9748 
200 4635 10003 
500 28140 63457 
500 29195 65318 
500 29547 66084 
500 29253 68334 
500 26237 77813 
500 28379 85034 
500 27410 84955 
500 30816 83068 
500 29381 73816 
500 28936 64539 
500 28901 66021 
500 28452 63920 
