10 12 30 
10 18 29 
10 13 19 
10 12 19 
10 10 21 
10 11 21 
10 4 16 
10 7 17 
10 19 30 
10 7 16 
10 9 21 
10 8 17 
20 55 85 
20 49 72 
20 47 74 
20 56 72 
20 25 66 
20 56 75 
20 49 74 
20 50 71 
20 43 68 
20 34 68 
20 42 111 
20 40 68 
50 282 432 
50 382 487 
50 367 456 
50 279 643 
50 298 616 
50 307 421 
50 228 438 
50 260 498 
50 254 544 
50 224 444 
50 277 490 
50 276 388 
100 1154 1660 
100 1050 1580 
100 1037 2182 
100 1142 2133 
100 1289 1661 
100 1271 2031 
100 1179 1929 
100 1070 1835 
100 1313 2648 
100 1160 1673 
100 1177 1852 
100 940 2054 
200 5094 7646 
200 5034 6968 
200 4235 7441 
200 4166 7902 
200 5039 8469 
200 5281 7320 
200 3711 5976 
200 4532 10068 
200 4517 8114 
200 4588 7462 
200 4651 6819 
200 5198 8877 
500 26393 52291 
500 28892 46665 
500 31072 50056 
500 28348 52233 
500 29893 50533 
500 29681 51752 
500 28447 49637 
500 28599 48431 
500 28497 50934 
500 29544 53207 
500 31359 43206 
500 27126 45280 
