10 5 289 
10 9 195 
10 14 285 
10 7 190 
10 9 188 
10 11 329 
10 4 198 
10 18 421 
10 17 414 
10 14 303 
10 10 255 
10 12 328 
20 51 1185 
20 46 1069 
20 39 1003 
20 42 962 
20 41 1227 
20 57 1591 
20 39 837 
20 54 1465 
20 31 698 
20 39 917 
20 40 979 
20 34 754 
50 175 7437 
50 338 15591 
50 306 13511 
50 413 20517 
50 289 13960 
50 312 16148 
50 284 15969 
50 246 12669 
50 353 17804 
50 337 20201 
50 246 15819 
50 291 15898 
100 1241 141002 
100 1201 161596 
100 1246 146990 
100 1165 127509 
100 1027 109698 
100 1088 111973 
100 1130 126494 
100 1144 126552 
100 1299 157188 
100 916 93433 
100 1145 122622 
100 1223 148501 
200 2610 569343 
200 3414 973066 
200 2733 637074 
200 3364 924114 
200 2743 629693 
200 2048 390154 
200 3244 900859 
200 2722 655996 
200 3040 836516 
200 2882 762077 
200 2644 641865 
200 2684 657191 
500 7974 5150384 
500 7192 4268907 
500 8305 5874363 
500 7717 5562450 
500 7092 5286936 
500 8407 7711991 
500 7936 6929203 
500 7793 5924966 
500 8012 5639884 
500 7872 5330526 
500 8007 5263146 
500 7732 4926965 
