10 12 251 
10 18 399 
10 13 226 
10 12 214 
10 10 297 
10 11 211 
10 4 191 
10 7 167 
10 19 330 
10 7 198 
10 9 182 
10 8 178 
20 55 1111 
20 49 1064 
20 47 923 
20 56 1110 
20 25 628 
20 56 1199 
20 49 1201 
20 50 1159 
20 43 854 
20 34 650 
20 42 833 
20 40 883 
50 282 9727 
50 382 14946 
50 367 18944 
50 279 13411 
50 298 13016 
50 307 11444 
50 220 7624 
50 242 9978 
50 254 11808 
50 224 8082 
50 277 10148 
50 276 9205 
100 1154 96477 
100 969 73668 
100 1013 93744 
100 1033 82759 
100 1172 93227 
100 1101 116744 
100 1072 101025 
100 1070 105587 
100 1313 171594 
100 1061 95544 
100 1050 89666 
100 858 66278 
200 2918 525701 
200 2802 428353 
200 2921 483631 
200 3259 678799 
200 2926 509659 
200 3206 621670 
200 2266 311190 
200 2475 366349 
200 2507 429016 
200 2502 411728 
200 2635 404015 
200 3061 642847 
500 7516 3172437 
500 9412 4952099 
500 9065 4630803 
500 9367 5265085 
500 8777 4504133 
500 7921 3750193 
500 8381 4300893 
500 8233 3892837 
500 8103 4088265 
500 7733 3515591 
500 8642 4405537 
500 7527 3722798 
