10 2 8 
10 9 10 
10 4 6 
10 15 13 
10 10 17 
10 11 11 
10 4 58 
10 13 18 
10 11 16 
10 8 9 
10 9 10 
10 8 9 
20 46 42 
20 37 39 
20 32 34 
20 32 80 
20 39 37 
20 19 28 
20 39 39 
20 49 44 
20 41 41 
20 40 45 
20 42 42 
20 44 40 
50 192 256 
50 354 413 
50 321 261 
50 283 230 
50 250 350 
50 267 222 
50 241 208 
50 310 338 
50 253 220 
50 226 252 
50 343 260 
50 252 226 
100 1118 1191 
100 1009 868 
100 1035 907 
100 1122 1162 
100 1132 968 
100 1066 1163 
100 1016 862 
100 1030 910 
100 1358 1026 
100 1172 948 
100 1045 856 
100 1134 881 
200 5135 3920 
200 4336 3538 
200 4633 4036 
200 4981 3976 
200 3656 2958 
200 4424 3762 
200 5113 4540 
200 4956 3842 
200 4300 3728 
200 4803 3795 
200 5041 4675 
200 4339 4469 
500 29687 18994 
500 27672 23632 
500 29933 27162 
500 28134 29207 
500 29246 25021 
500 27322 28914 
500 30739 20857 
500 29662 18661 
500 28859 17621 
500 30432 21946 
500 26984 21459 
500 28248 22615 
1000 118180 81076 
1000 118323 82341 
1000 117583 96066 
1000 115069 87513 
1000 116844 81890 
1000 121184 90719 
1000 122324 95137 
1000 111986 87795 
1000 111455 92788 
1000 113685 89425 
1000 108981 93540 
1000 113397 85683 
2000 471473 398510 
2000 450338 345952 
2000 477846 429708 
2000 471966 1461463 
2000 464381 492299 
2000 451847 375187 
2000 467642 399884 
2000 458999 377386 
2000 453185 348967 
2000 466315 394369 
2000 462076 381110 
2000 461902 375576 
5000 2944898 2390608 
5000 2932160 2323796 
5000 2920228 2303616 
5000 2892737 2247463 
5000 2931183 2334858 
5000 2968315 2284406 
5000 2907120 2325122 
5000 2900852 2293351 
5000 2953571 2350130 
5000 2963736 2380600 
5000 2838458 1816078 
5000 2989474 8077539 
