10 2 86 
10 9 125 
10 4 296 
10 15 178 
10 10 173 
10 11 146 
10 4 332 
10 13 296 
10 11 246 
10 8 116 
10 9 129 
10 8 116 
20 46 581 
20 37 389 
20 32 370 
20 32 399 
20 39 418 
20 19 268 
20 39 423 
20 49 640 
20 41 514 
20 40 431 
20 42 457 
20 44 476 
50 192 2299 
50 349 3874 
50 321 3603 
50 283 2907 
50 241 2451 
50 221 2402 
50 241 2652 
50 310 3331 
50 253 2596 
50 226 2295 
50 337 3274 
50 252 2501 
100 757 9760 
100 1009 13645 
100 996 14310 
100 1025 13732 
100 976 14540 
100 974 14000 
100 802 10281 
100 1029 13330 
100 940 11587 
100 1085 13522 
100 1038 12320 
100 1106 13949 
200 3501 64469 
200 2929 54601 
200 3143 56047 
200 2645 45903 
200 1960 29647 
200 2783 50794 
200 3116 68485 
200 2975 54881 
200 2168 44659 
200 2982 48999 
200 2504 45840 
200 2408 43271 
500 7483 195973 
500 8882 397564 
500 7719 298181 
500 8362 280091 
500 8007 251692 
500 7390 1062923 
500 8100 262971 
500 7880 230281 
500 7945 237563 
500 8150 237907 
500 7477 227037 
500 8194 250003 
1000 16057 768967 
1000 15460 746947 
1000 15913 1469105 
1000 15936 790806 
1000 16580 752105 
1000 15451 773620 
1000 16024 712656 
1000 15561 810761 
1000 16632 875742 
1000 15331 668100 
1000 14888 677755 
1000 16971 1667803 
2000 28935 3404142 
2000 30642 2638125 
2000 31073 3144314 
2000 29614 55880180 
2000 32768 5229315 
2000 30586 3667719 
2000 30394 3916884 
2000 31921 4125235 
2000 31785 4142238 
2000 31740 3276189 
2000 29780 2114400 
2000 28543 2413489 
5000 65250 15894279 
5000 62819 14363008 
5000 63545 15366331 
5000 66147 15677839 
5000 63297 13790992 
5000 67092 17146815 
5000 62656 15455244 
5000 63524 22338084 
5000 63746 19073371 
5000 66049 15764606 
5000 62414 16716879 
5000 64080 16936589 
