10 13 90 
10 12 18 
10 9 16 
10 8 15 
10 5 13 
10 18 21 
10 14 18 
10 10 28 
10 10 17 
10 4 13 
10 12 18 
10 8 15 
20 34 61 
20 46 66 
20 55 66 
20 73 80 
20 39 61 
20 37 60 
20 43 68 
20 44 65 
20 31 53 
20 28 51 
20 20 45 
20 52 60 
50 320 339 
50 236 309 
50 256 310 
50 203 287 
50 355 368 
50 347 355 
50 349 356 
50 196 286 
50 287 332 
50 305 362 
50 321 345 
50 304 467 
100 1286 1701 
100 1195 1392 
100 1002 1248 
100 1339 1378 
100 1148 1302 
100 1229 1330 
100 1205 1629 
100 1254 1376 
100 1180 1474 
100 1183 2044 
100 1090 1606 
100 1124 1307 
200 4482 6250 
200 4566 5298 
200 4511 5132 
200 4695 5189 
200 5028 5736 
200 4395 5394 
200 4431 6275 
200 4959 5500 
200 4914 5316 
200 4388 5529 
200 4202 5143 
200 4267 5206 
500 30818 33947 
500 27399 32529 
500 29099 33361 
500 27200 32090 
500 29130 34283 
500 30447 33206 
500 29119 32265 
500 31022 33100 
500 27705 32436 
500 28552 32208 
500 31288 33036 
500 27940 31904 
1000 113700 132964 
1000 111093 130286 
1000 103795 130037 
1000 114635 132452 
1000 117952 132949 
1000 122103 135648 
1000 115176 139496 
1000 112038 136972 
1000 112906 156040 
1000 119544 137501 
1000 117353 139125 
1000 113377 134863 
2000 463406 560727 
2000 469659 546639 
2000 445416 690548 
2000 449623 548547 
2000 441031 554016 
2000 461943 564616 
2000 464738 537340 
2000 478606 542244 
2000 457009 537449 
2000 459882 547535 
2000 454063 534492 
2000 446955 535670 
5000 2854267 3991787 
5000 2883657 3880748 
5000 2945974 5016979 
5000 2904933 3420241 
5000 2847638 3382791 
5000 3038330 3548840 
5000 2856507 3457360 
5000 2840282 3799212 
5000 2890161 4305300 
5000 2820783 3418166 
5000 2904701 17302723 
5000 2909123 4206674 
