10 13 313 
10 12 228 
10 9 171 
10 8 155 
10 5 120 
10 18 287 
10 14 259 
10 10 231 
10 10 201 
10 4 125 
10 12 215 
10 8 154 
20 34 656 
20 46 889 
20 55 1012 
20 73 1284 
20 39 711 
20 37 722 
20 43 753 
20 44 813 
20 31 564 
20 28 536 
20 20 378 
20 52 802 
50 320 9740 
50 236 6079 
50 256 6655 
50 199 4863 
50 355 10413 
50 313 8531 
50 349 9697 
50 196 4614 
50 287 8222 
50 305 8530 
50 321 10356 
50 294 9611 
100 1016 62623 
100 1123 82979 
100 934 52644 
100 1339 94945 
100 712 34092 
100 1180 80678 
100 1159 85863 
100 1203 82584 
100 965 63314 
100 902 68619 
100 1021 68971 
100 944 52582 
200 2970 410154 
200 2442 289892 
200 2649 334127 
200 3208 494583 
200 2825 363458 
200 2963 401847 
200 2090 215240 
200 2224 268651 
200 3199 469389 
200 2587 321726 
200 2523 325215 
200 2513 303655 
500 8339 2952626 
500 7954 2644249 
500 6964 2039921 
500 8399 2972020 
500 7763 2586952 
500 8339 2909188 
500 7380 2361955 
500 8392 2938202 
500 7932 2613640 
500 6328 1728012 
500 8785 3182165 
500 7560 2393277 
1000 16109 10320602 
1000 15773 9857404 
1000 15794 9867756 
1000 15602 9645825 
1000 16548 10742399 
1000 15872 9911454 
1000 16261 10475845 
1000 15103 8998504 
1000 16107 10809345 
1000 15402 9501875 
1000 16359 10780107 
1000 15349 9382391 
2000 32177 40768812 
2000 30514 38594211 
2000 31268 39882011 
2000 29281 35480454 
2000 30208 36542461 
2000 30953 37058210 
2000 30994 36506108 
2000 29860 34105112 
2000 32915 41421220 
2000 29886 37335309 
2000 31915 249017397 
2000 30275 36608383 
5000 63486 177611532 
5000 63011 167112891 
5000 61807 184900958 
5000 64733 172622743 
5000 66718 202524193 
5000 61494 150778999 
5000 67522 262870946 
5000 68512 227735327 
5000 63955 181579557 
5000 64472 220171607 
5000 63042 4544509971 
5000 64417 189611449 
